0.001 0.017538587023828586 0.02606959366616081 0.044561591256469864
0.0012589254117941675 0.022079004774228354 0.03281808346312456 0.056096099818464466
0.001584893192461114 0.027794285766609188 0.04131234482940716 0.07061358391167995
0.001995262314968879 0.03498793879571316 0.05200289752361285 0.08888289617462436
0.0025118864315095794 0.04404132790797402 0.06545537502990768 0.1118684343488243
0.0031622776601683794 0.05543297982858383 0.08237867662520766 0.14077715175895608
0.003981071705534973 0.06976247608123698 0.10365921594148725 0.17711458933557833
0.005011872336272725 0.08777881198067401 0.13040075962742334 0.22274832780030762
0.00630957344480193 0.11041317683452948 0.16396862009170843 0.2799744288366912
0.007943282347242814 0.13881439276686441 0.20603357307170322 0.35157490598730423
0.01 0.1743815627816587 0.2586039563861095 0.4408394842776657
0.012589254117941675 0.21878119713904828 0.3240213054801449 0.5514977987480407
0.01584893192461114 0.27392085807353084 0.4048700557222063 0.687460909433961
0.0199526231496888 0.341822689071697 0.5037097386544378 0.8521991714160854
0.025118864315095808 0.42429264927714977 0.622477831519523 1.047500031044015
0.03162277660168379 0.5222224938151697 0.761356545110765 1.2713205326509496
0.039810717055349734 0.6343399630127879 0.9169300305464637 1.5146425782417863
0.05011872336272725 0.7553608539025827 1.0797491127022742 1.7579245884637238
0.06309573444801933 0.8740085838223608 1.232200493874328 1.969146974472063
0.07943282347242818 0.9724566778504226 1.3489277752346887 2.1072412267355416
0.1 1.029802306277276 1.4028993737670261 2.1345981892678676
0.12589254117941676 1.030529505242727 1.3772573710880103 2.035921195624768
0.15848931924611143 0.9731847940550203 1.2755858548002685 1.82987988762412
0.19952623149688808 0.8714806199735393 1.120840206154099 1.560964115415752
0.25118864315095824 0.7466933579670745 0.9433870555340529 1.2776244315796839
0.31622776601683794 0.6183821402525026 0.7686647032219428 1.0148420846700101
0.3981071705534973 0.4995507235970343 0.6119687439621107 0.7898690295163221
0.5011872336272725 0.3965226186237997 0.47950779433672464 0.6066760778555058
0.6309573444801936 0.3109252680316455 0.3716923161729536 0.4620658502659227
0.7943282347242822 0.2417734364898171 0.286054838563522 0.3500804169983186
1. 0.18693715204177627 0.21910694110912543 0.26438151130721477