0.001 0.03638086793952688 0.05305083268226464 0.08820807437814261
0.0012589254117941675 0.045797257346543344 0.06677989486927632 0.1110316514885592
0.001584893192461114 0.05764756519166343 0.08405594821004746 0.13974854110162713
0.001995262314968879 0.07255825127150169 0.1057900977231365 0.17586891958330694
0.0025118864315095794 0.09131417242461766 0.1331220278024114 0.22127830861182238
0.0031622776601683794 0.11489535522852411 0.16747148715174717 0.27831890617995175
0.003981071705534973 0.14452019996496346 0.21059667778741567 0.3498775933288193
0.005011872336272725 0.18169172467553976 0.2646531506232654 0.4394669247603914
0.00630957344480193 0.2282406015647666 0.3322405026223366 0.5512708368238027
0.007943282347242814 0.286349195648522 0.4164084037655406 0.6900966584801487
0.01 0.35852331982627755 0.5205658499589951 0.8611244033196251
0.012589254117941675 0.44744727194280487 0.648192410720326 1.069268911651994
0.01584893192461114 0.5556112020384943 0.802190472062017 1.317885741060972
0.0199526231496888 0.6845529939893944 0.9836721229236074 1.6065219093696776
0.025118864315095808 0.8335557745632018 1.1900147616344672 1.927567721275643
0.03162277660168379 0.997742414697425 1.4122290178513346 2.262149886078288
0.039810717055349734 1.1657585897319684 1.6321339875970138 2.5765448211341906
0.05011872336272725 1.3179324294746024 1.8208488453714433 2.8221223666254174
0.06309573444801933 1.4274449283994972 1.9420252153406699 2.944092407874565
0.07943282347242818 1.4679376776325526 1.9635020507730447 2.9024081183813615
0.1 1.4262865423802138 1.8740521835809818 2.69565765996631
0.12589254117941676 1.310948791638915 1.691875454154905 2.366754492138696
0.15848931924611143 1.147551512497345 1.45556313845472 1.9818587295678602
0.19952623149688808 0.9659525634933227 1.205596492475723 1.6007472587306866
0.25118864315095824 0.7895786869211939 0.9711343931329325 1.260549591856482
0.31622776601683794 0.6319881396090319 0.7672116634243384 0.9761049109594243
0.3981071705534973 0.4985032926821584 0.5981875090134584 0.7477938058804912
0.5011872336272725 0.3892953530444628 0.4623452560551651 0.5690988097494781
0.6309573444801936 0.3019641458630568 0.3553178645866822 0.4313805832643634
0.7943282347242822 0.23317382222786898 0.27206940231052856 0.32623734402562515
1. 0.17952846627192245 0.20785268458522427 0.24641873787971078